test_iter: 79
test_interval: 60
base_lr: 0.0010000000475
display: 7
max_iter: 600
lr_policy: "step"
gamma: 0.10000000149
momentum: 0.899999976158
weight_decay: 1.00000006569e-05
stepsize: 198
snapshot: 60
snapshot_prefix: "snapshot"
solver_mode: GPU
net: "train_val.prototxt"
solver_type: SGD
